%工具箱的使用
x=1:16;
y=[4.00 6.40 8.00 8.80 9.22 9.50 9.70 9.86 10.00 10.20 10.32 10.42 10.50 10.55 10.58 10.60];
cftool
